-1660 -40 -1660.0 -40.0 640.0 5 ok
-1660 -8 -1660.0 -8.0 640.0 5 ok
-1660 24 -1660.0 24.0 640.0 5 ok
-1660 56 -1660.0 56.0 640.0 5 ok
-1660 88 -1660.0 88.0 640.0 5 ok
-1660 120 -1660.0 120.0 640.0 5 ok
-1660 152 -1660.0 152.0 640.0 5 ok
-1660 184 -1660.0 184.0 640.0 5 ok
-1660 216 -1660.0 216.0 640.0 5 ok
-1660 248 -1660.0 248.0 640.0 5 ok
-1660 280 -1660.0 280.0 640.0 5 ok
-1660 312 -1660.0 312.0 640.0 5 ok
-1660 344 -1660.0 344.0 640.0 5 ok
-1660 376 -1660.0 376.0 640.0 5 ok
-1660 408 -1660.0 408.0 640.0 5 ok
-1660 440 -1660.0 440.0 640.0 5 ok
-1660 472 -1660.0 472.0 640.0 5 ok
-1660 504 -1660.0 504.0 640.0 5 ok
-1660 536 -1467.7 1121.1 -260.0 61 void
-1660 568 -1579.9 811.8 -278.8 26 void
-1660 600 -1467.7 1185.1 -257.4 61 void
-1660 632 -1579.9 875.8 -277.7 26 void
-1660 664 -1467.7 1249.1 -257.4 61 void
-1628 -40 -1563.3 156.9 24.1 22 ok
-1628 -8 -1541.6 240.9 24.1 54 ok
-1628 24 -1619.7 24.0 80.1 52 ok
-1628 56 -1628.0 56.0 64.1 52 ok
-1628 88 -1628.0 88.0 48.1 53 ok
-1628 120 -1628.0 120.0 32.1 54 ok
-1628 152 -1628.0 152.0 24.1 54 ok
-1628 184 -1628.0 184.0 24.1 54 ok
-1628 216 -1628.0 216.0 24.1 54 ok
-1628 248 -1628.0 248.0 538.1 25 ok
-1628 280 -1628.0 280.0 538.1 25 ok
-1628 312 -1628.0 312.0 538.1 25 ok
-1628 344 -1628.0 344.0 538.1 25 ok
-1628 376 -1628.0 376.0 538.1 25 ok
-1628 408 -1628.0 408.0 538.1 25 ok
-1628 440 -1628.0 440.0 640.0 5 ok
-1628 472 -1628.0 472.0 640.0 5 ok
-1628 504 -1628.0 504.0 640.0 5 ok
-1628 536 -1628.0 536.0 640.0 5 ok
-1628 568 -1628.0 568.0 -260.0 61 void
-1628 600 -1628.0 600.0 -258.2 61 void
-1628 632 -1628.0 632.0 -258.2 61 void
-1628 664 -1628.0 664.0 -258.2 61 void
-1596 -40 -1596.0 -40.0 88.1 52 ok
-1596 -8 -1596.0 -8.0 88.1 51 ok
-1596 24 -1596.0 24.0 80.1 52 ok
-1596 56 -1596.0 56.0 64.1 52 ok
-1596 88 -1596.0 88.0 48.1 53 ok
-1596 120 -1596.0 120.0 32.1 54 ok
-1596 152 -1596.0 152.0 24.1 54 ok
-1596 184 -1596.0 184.0 24.1 54 ok
-1596 216 -1596.0 216.0 24.1 54 ok
-1596 248 -1596.0 248.0 538.1 25 ok
-1596 280 -1596.0 280.0 538.1 25 ok
-1596 312 -1596.0 312.0 538.1 25 ok
-1596 344 -1596.0 344.0 538.1 25 ok
-1596 376 -1596.0 376.0 538.1 25 ok
-1596 408 -1596.0 408.0 538.1 25 ok
-1596 440 -1596.0 440.0 538.1 25 ok
-1596 472 -1596.0 472.0 538.1 25 ok
-1596 504 -1596.0 504.0 640.0 5 ok
-1596 536 -1596.0 536.0 640.0 5 ok
-1596 568 -1596.0 568.0 -260.0 61 void
-1596 600 -1596.0 600.0 -258.2 61 void
-1596 632 -1596.0 632.0 -258.2 61 void
-1596 664 -1596.0 664.0 -258.2 61 void
-1564 -40 -1564.0 -40.0 88.1 52 ok
-1564 -8 -1564.0 -8.0 88.1 51 ok
-1564 24 -1564.0 24.0 80.1 52 ok
-1564 56 -1564.0 56.0 64.1 52 ok
-1564 88 -1564.0 88.0 48.1 53 ok
-1564 120 -1564.0 120.0 32.1 54 ok
-1564 152 -1564.0 152.0 24.1 54 ok
-1564 184 -1564.0 184.0 24.1 54 ok
-1564 216 -1564.0 216.0 24.1 54 ok
-1564 248 -1564.0 248.0 538.1 25 ok
-1564 280 -1564.0 280.0 538.1 25 ok
-1564 312 -1564.0 312.0 538.1 25 ok
-1564 344 -1564.0 344.0 538.1 25 ok
-1564 376 -1564.0 376.0 538.1 25 ok
-1564 408 -1564.0 408.0 538.1 25 ok
-1564 440 -1564.0 440.0 538.1 25 ok
-1564 472 -1564.0 472.0 538.1 25 ok
-1564 504 -1564.0 504.0 640.0 5 ok
-1564 536 -1564.0 536.0 640.0 5 ok
-1564 568 -1564.0 568.0 -260.0 61 void
-1564 600 -1564.0 600.0 -258.2 61 void
-1564 632 -1564.0 632.0 -258.2 61 void
-1564 664 -1564.0 664.0 -258.2 61 void
-1532 -40 -1532.0 -40.0 88.1 52 ok
-1532 -8 -1532.0 -8.0 538.1 25 ok
-1532 24 -1532.0 24.0 538.1 25 ok
-1532 56 -1532.0 56.0 538.1 25 ok
-1532 88 -1532.0 88.0 538.1 25 ok
-1532 120 -1532.0 120.0 538.1 25 ok
-1532 152 -1532.0 152.0 24.1 54 ok
-1532 184 -1532.0 184.0 24.1 54 ok
-1532 216 -1532.0 216.0 24.1 54 ok
-1532 248 -1532.0 248.0 538.1 25 ok
-1532 280 -1532.0 280.0 538.1 25 ok
-1532 312 -1532.0 312.0 538.1 25 ok
-1532 344 -1532.0 344.0 538.1 25 ok
-1532 376 -1532.0 376.0 538.1 25 ok
-1532 408 -1532.0 408.0 538.1 25 ok
-1532 440 -1532.0 440.0 538.1 25 ok
-1532 472 -1532.0 472.0 538.1 25 ok
-1532 504 -1532.0 504.0 640.0 5 ok
-1532 536 -1532.0 536.0 640.0 5 ok
-1532 568 -1532.0 568.0 640.0 5 ok
-1532 600 -1532.0 600.0 -260.0 61 void
-1532 632 -1532.0 632.0 -258.2 61 void
-1532 664 -1532.0 664.0 -258.2 61 void
-1500 -40 -1500.0 -40.0 88.1 52 ok
-1500 -8 -1500.0 -8.0 538.1 25 ok
-1500 24 -1500.0 24.0 538.1 25 ok
-1500 56 -1500.0 56.0 538.1 25 ok
-1500 88 -1500.0 88.0 538.1 25 ok
-1500 120 -1500.0 120.0 538.1 25 ok
-1500 152 -1500.0 152.0 24.1 54 ok
-1500 184 -1500.0 184.0 24.1 54 ok
-1500 216 -1500.0 216.0 24.1 54 ok
-1500 248 -1500.0 248.0 24.1 54 ok
-1500 280 -1500.0 329.0 654.1 91 ok
-1500 312 -1500.0 356.3 538.1 39 ok
-1500 344 -1488.4 358.3 654.1 91 ok
-1500 376 -1487.5 380.1 538.1 38 ok
-1500 408 -1500.0 408.0 538.1 25 ok
-1500 440 -1500.0 440.0 538.1 25 ok
-1500 472 -1500.0 472.0 538.1 25 ok
-1500 504 -1500.0 504.0 640.0 5 ok
-1500 536 -1500.0 536.0 548.1 24 ok
-1500 568 -1500.0 568.0 640.0 5 ok
-1500 600 -1500.0 600.0 -260.0 61 void
-1500 632 -1500.0 632.0 -258.2 61 void
-1500 664 -1500.0 664.0 -258.2 61 void
-1468 -40 -1468.0 -40.0 88.1 52 ok
-1468 -8 -1468.0 -8.0 538.1 25 ok
-1468 24 -1468.0 24.0 538.1 25 ok
-1468 56 -1468.0 56.0 538.1 25 ok
-1468 88 -1468.0 88.0 538.1 25 ok
-1468 120 -1468.0 120.0 538.1 25 ok
-1468 152 -1468.0 152.0 24.1 54 ok
-1468 184 -1468.0 184.0 24.1 54 ok
-1468 216 -1468.0 216.0 24.1 54 ok
-1468 248 -1468.0 248.0 24.1 54 ok
-1468 280 -1468.0 329.0 654.1 91 ok
-1468 312 -1465.6 361.7 566.5 91 ok
-1468 344 -1445.6 353.7 335.6 91 ok
-1468 376 -1468.0 431.3 538.1 48 ok
-1468 408 -1468.0 408.0 538.1 25 ok
-1468 440 -1468.0 440.0 538.1 25 ok
-1468 472 -1468.0 472.0 538.1 25 ok
-1468 504 -1468.0 504.0 640.0 5 ok
-1468 536 -1468.0 536.0 640.0 5 ok
-1468 568 -1468.0 568.0 640.0 5 ok
-1468 600 -1468.0 600.0 -260.0 61 void
-1468 632 -1468.0 632.0 -258.2 61 void
-1468 664 -1468.0 664.0 -258.2 61 void
-1436 -40 -1436.0 -40.0 88.1 52 ok
-1436 -8 -1436.0 -8.0 538.1 25 ok
-1436 24 -1436.0 24.0 538.1 25 ok
-1436 56 -1436.0 56.0 538.1 25 ok
-1436 88 -1436.0 88.0 538.1 25 ok
-1436 120 -1436.0 120.0 538.1 25 ok
-1436 152 -1436.0 152.0 24.1 54 ok
-1436 184 -1436.0 184.0 24.1 54 ok
-1436 216 -1436.0 216.0 24.1 54 ok
-1436 248 -1436.0 248.0 24.1 54 ok
-1436 280 -1436.0 329.0 654.1 91 ok
-1436 312 -1436.0 355.1 538.1 38 ok
-1436 344 -1436.0 344.0 538.1 25 ok
-1436 376 -1436.0 376.0 538.1 25 ok
-1436 408 -1436.0 408.0 538.1 25 ok
-1436 440 -1436.0 440.0 538.1 25 ok
-1436 472 -1436.0 472.0 538.1 25 ok
-1436 504 -1436.0 504.0 640.0 5 ok
-1436 536 -1436.0 536.0 640.0 5 ok
-1436 568 -1436.0 568.0 640.0 5 ok
-1436 600 -1436.0 600.0 -260.0 61 void
-1436 632 -1436.0 632.0 -258.2 61 void
-1436 664 -1436.0 664.0 -258.2 61 void
-1404 -40 -1404.0 -40.0 88.1 52 ok
-1404 -8 -1404.0 -8.0 538.1 25 ok
-1404 24 -1404.0 24.0 538.1 25 ok
-1404 56 -1404.0 56.0 538.1 25 ok
-1404 88 -1404.0 88.0 538.1 25 ok
-1404 120 -1404.0 120.0 538.1 25 ok
-1404 152 -1404.0 152.0 24.1 54 ok
-1404 184 -1404.0 184.0 24.1 54 ok
-1404 216 -1404.0 216.0 24.1 54 ok
-1404 248 -1404.0 248.0 538.1 25 ok
-1404 280 -1404.0 280.0 538.1 25 ok
-1404 312 -1404.0 312.0 538.1 25 ok
-1404 344 -1404.0 344.0 538.1 25 ok
-1404 376 -1404.0 376.0 538.1 25 ok
-1404 408 -1404.0 408.0 538.1 25 ok
-1404 440 -1404.0 440.0 538.1 25 ok
-1404 472 -1404.0 472.0 538.1 25 ok
-1404 504 -1404.0 504.0 640.0 5 ok
-1404 536 -1404.0 536.0 640.0 5 ok
-1404 568 -1404.0 568.0 640.0 5 ok
-1404 600 -1404.0 600.0 -260.0 61 void
-1404 632 -1404.0 632.0 -258.2 61 void
-1404 664 -1404.0 664.0 -258.2 61 void
-1372 -40 -1372.0 -40.0 88.1 52 ok
-1372 -8 -1372.0 -8.0 88.1 51 ok
-1372 24 -1372.0 24.0 80.1 52 ok
-1372 56 -1372.0 56.0 64.1 52 ok
-1372 88 -1372.0 88.0 48.1 53 ok
-1372 120 -1372.0 120.0 32.1 54 ok
-1372 152 -1372.0 152.0 24.1 54 ok
-1372 184 -1372.0 184.0 24.1 54 ok
-1372 216 -1372.0 216.0 24.1 54 ok
-1372 248 -1372.0 248.0 538.1 25 ok
-1372 280 -1372.0 280.0 538.1 25 ok
-1372 312 -1372.0 312.0 538.1 25 ok
-1372 344 -1372.0 344.0 538.1 25 ok
-1372 376 -1372.0 376.0 538.1 25 ok
-1372 408 -1372.0 408.0 538.1 25 ok
-1372 440 -1372.0 440.0 538.1 25 ok
-1372 472 -1372.0 472.0 538.1 25 ok
-1372 504 -1372.0 504.0 640.0 5 ok
-1372 536 -1372.0 536.0 640.0 5 ok
-1372 568 -1372.0 568.0 -260.0 61 void
-1372 600 -1372.0 600.0 -258.2 61 void
-1372 632 -1372.0 632.0 -258.2 61 void
-1372 664 -1372.0 664.0 -258.2 61 void
-1340 -40 -1340.0 -40.0 88.1 52 ok
-1340 -8 -1340.0 -8.0 88.1 51 ok
-1340 24 -1340.0 24.0 80.1 52 ok
-1340 56 -1340.0 56.0 64.1 52 ok
-1340 88 -1340.0 88.0 48.1 53 ok
-1340 120 -1340.0 120.0 32.1 54 ok
-1340 152 -1340.0 152.0 24.1 54 ok
-1340 184 -1340.0 184.0 24.1 54 ok
-1340 216 -1340.0 216.0 24.1 54 ok
-1340 248 -1340.0 248.0 538.1 25 ok
-1340 280 -1340.0 280.0 538.1 25 ok
-1340 312 -1340.0 312.0 538.1 25 ok
-1340 344 -1340.0 344.0 538.1 25 ok
-1340 376 -1340.0 376.0 538.1 25 ok
-1340 408 -1340.0 408.0 538.1 25 ok
-1340 440 -1340.0 440.0 538.1 25 ok
-1340 472 -1340.0 472.0 640.0 5 ok
-1340 504 -1340.0 504.0 640.0 5 ok
-1340 536 -1340.0 536.0 640.0 5 ok
-1340 568 -1340.0 568.0 -260.0 61 void
-1340 600 -1340.0 600.0 -258.2 61 void
-1340 632 -1340.0 632.0 -258.2 61 void
-1340 664 -1340.0 664.0 -258.2 61 void
-1308 -40 -1308.0 -40.0 88.1 52 ok
-1308 -8 -1308.0 -8.0 88.1 51 ok
-1308 24 -1308.0 24.0 80.1 52 ok
-1308 56 -1308.0 56.0 64.1 52 ok
-1308 88 -1308.0 88.0 48.1 53 ok
-1308 120 -1308.0 120.0 32.1 54 ok
-1308 152 -1308.0 152.0 24.1 54 ok
-1308 184 -1308.0 184.0 24.1 54 ok
-1308 216 -1308.0 216.0 24.1 54 ok
-1308 248 -1308.0 248.0 538.1 25 ok
-1308 280 -1308.0 280.0 538.1 25 ok
-1308 312 -1308.0 312.0 538.1 25 ok
-1308 344 -1308.0 344.0 538.1 25 ok
-1308 376 -1308.0 376.0 538.1 25 ok
-1308 408 -1308.0 408.0 538.1 25 ok
-1308 440 -1308.0 440.0 640.0 5 ok
-1308 472 -1308.0 472.0 640.0 5 ok
-1308 504 -1308.0 504.0 640.0 5 ok
-1308 536 -1308.0 536.0 640.0 5 ok
-1308 568 -1308.0 568.0 -260.0 61 void
-1308 600 -1308.0 600.0 -258.2 61 void
-1308 632 -1308.0 632.0 -258.2 61 void
-1308 664 -1308.0 664.0 -258.2 61 void
-1276 -40 -1276.0 -40.0 88.1 52 ok
-1276 -8 -1276.0 -8.0 538.1 25 ok
-1276 24 -1276.0 24.0 538.1 25 ok
-1276 56 -1276.0 56.0 538.1 25 ok
-1276 88 -1276.0 88.0 538.1 25 ok
-1276 120 -1276.0 120.0 538.1 25 ok
-1276 152 -1276.0 152.0 24.1 54 ok
-1276 184 -1276.0 184.0 24.1 54 ok
-1276 216 -1276.0 216.0 24.1 54 ok
-1276 248 -1276.0 248.0 538.1 25 ok
-1276 280 -1276.0 280.0 538.1 25 ok
-1276 312 -1276.0 312.0 538.1 25 ok
-1276 344 -1276.0 344.0 538.1 25 ok
-1276 376 -1276.0 376.0 640.0 5 ok
-1276 408 -1276.0 408.0 640.0 5 ok
-1276 440 -1276.0 440.0 640.0 5 ok
-1276 472 -1276.0 472.0 640.0 5 ok
-1276 504 -1276.0 504.0 640.0 5 ok
-1276 536 -1276.0 536.0 640.0 5 ok
-1276 568 -1276.0 568.0 -260.0 61 void
-1276 600 -1276.0 600.0 -258.2 61 void
-1276 632 -1276.0 632.0 -258.2 61 void
-1276 664 -1276.0 664.0 -278.0 26 void
-1244 -40 -1244.0 -40.0 88.1 52 ok
-1244 -8 -1244.0 -8.0 538.1 25 ok
-1244 24 -1244.0 24.0 538.1 25 ok
-1244 56 -1244.0 56.0 538.1 25 ok
-1244 88 -1244.0 88.0 538.1 25 ok
-1244 120 -1244.0 120.0 538.1 25 ok
-1244 152 -1244.0 152.0 24.1 54 ok
-1244 184 -1244.0 184.0 24.1 54 ok
-1244 216 -1244.0 216.0 24.1 54 ok
-1244 248 -1244.0 248.0 538.1 25 ok
-1244 280 -1244.0 280.0 538.1 25 ok
-1244 312 -1244.0 312.0 538.1 25 ok
-1244 344 -1244.0 344.0 538.1 25 ok
-1244 376 -1244.0 376.0 640.0 5 ok
-1244 408 -1244.0 408.0 640.0 5 ok
-1244 440 -1244.0 440.0 -260.0 61 void
-1244 472 -1244.0 472.0 -260.0 61 void
-1244 504 -1244.0 504.0 -258.2 61 void
-1244 536 -1244.0 536.0 -258.2 61 void
-1244 568 -1244.0 568.0 -258.2 61 void
-1244 600 -1244.0 600.0 -258.2 61 void
-1244 632 -1244.0 632.0 -258.2 61 void
-1244 664 -1244.0 664.0 -258.2 61 void
-1212 -40 -1212.0 -40.0 88.1 52 ok
-1212 -8 -1212.0 -8.0 538.1 25 ok
-1212 24 -1212.0 24.0 538.1 25 ok
-1212 56 -1212.0 56.0 538.1 25 ok
-1212 88 -1212.0 88.0 538.1 25 ok
-1212 120 -1212.0 120.0 538.1 25 ok
-1212 152 -1212.0 152.0 24.1 54 ok
-1212 184 -1212.0 184.0 24.1 54 ok
-1212 216 -1212.0 216.0 24.1 54 ok
-1212 248 -1212.0 248.0 538.1 25 ok
-1212 280 -1212.0 280.0 538.1 25 ok
-1212 312 -1212.0 312.0 538.1 25 ok
-1212 344 -1212.0 344.0 538.1 25 ok
-1212 376 -1212.0 376.0 640.0 5 ok
-1212 408 -1212.0 408.0 640.0 5 ok
-1212 440 -1212.0 440.0 -260.0 61 void
-1212 472 -1212.0 472.0 -258.2 61 void
-1212 504 -1212.0 504.0 -258.2 61 void
-1212 536 -1212.0 536.0 -258.2 61 void
-1212 568 -1212.0 568.0 -258.2 61 void
-1212 600 -1212.0 600.0 -258.2 61 void
-1212 632 -1212.0 632.0 -258.2 61 void
-1212 664 -1212.0 664.0 -258.2 61 void
-1180 -40 -1180.0 -40.0 88.1 52 ok
-1180 -8 -1180.0 -8.0 538.1 25 ok
-1180 24 -1180.0 24.0 538.1 25 ok
-1180 56 -1180.0 56.0 538.1 25 ok
-1180 88 -1180.0 88.0 538.1 25 ok
-1180 120 -1180.0 120.0 538.1 25 ok
-1180 152 -1180.0 152.0 24.1 54 ok
-1180 184 -1180.0 184.0 24.1 54 ok
-1180 216 -1180.0 216.0 24.1 54 ok
-1180 248 -1180.0 248.0 24.1 54 ok
-1180 280 -1180.0 280.0 538.1 25 ok
-1180 312 -1181.6 311.0 538.1 25 ok
-1180 344 -1180.0 344.0 538.1 25 ok
-1180 376 -1180.0 376.0 640.0 5 ok
-1180 408 -1180.0 408.0 640.0 5 ok
-1180 440 -1180.0 440.0 -260.0 61 void
-1180 472 -1180.0 472.0 -258.2 61 void
-1180 504 -1180.0 504.0 -258.2 61 void
-1180 536 -1180.0 536.0 -258.2 61 void
-1180 568 -1180.0 568.0 -258.2 61 void
-1180 600 -1180.0 600.0 -258.2 61 void
-1180 632 -1180.0 632.0 -258.2 61 void
-1180 664 -1180.0 664.0 -278.0 26 void
-1148 -40 -1148.0 -40.0 640.0 5 ok
-1148 -8 -1148.0 -8.0 640.0 5 ok
-1148 24 -1148.0 24.0 640.0 5 ok
-1148 56 -1148.0 56.0 640.0 5 ok
-1148 88 -1148.0 88.0 640.0 5 ok
-1148 120 -1148.0 120.0 640.0 5 ok
-1148 152 -1148.0 152.0 640.0 5 ok
-1148 184 -1148.0 184.0 640.0 5 ok
-1148 216 -1148.0 216.0 640.0 5 ok
-1148 248 -1148.0 248.0 24.1 54 ok
-1148 280 -1148.0 280.0 24.1 54 ok
-1148 312 -1148.0 312.0 538.1 25 ok
-1148 344 -1148.0 344.0 538.1 25 ok
-1148 376 -1148.0 376.0 640.0 5 ok
-1148 408 -1148.0 408.0 640.0 5 ok
-1148 440 -1148.0 440.0 -260.0 61 void
-1148 472 -1148.0 472.0 -258.2 61 void
-1148 504 -1148.0 504.0 -258.2 61 void
-1148 536 -1148.0 536.0 -258.2 61 void
-1148 568 -1148.0 568.0 -258.2 61 void
-1148 600 -1148.0 600.0 -258.2 61 void
-1148 632 -1148.0 632.0 -258.2 61 void
-1148 664 -1148.0 664.0 -258.2 61 void
-1116 -40 -1116.0 -40.0 -258.2 61 void
-1116 -8 -1116.0 -8.0 -258.2 61 void
-1116 24 -1116.0 24.0 -258.2 61 void
-1116 56 -1116.0 56.0 -258.2 61 void
-1116 88 -1116.0 88.0 -278.0 26 void
-1116 120 -1116.0 120.0 640.0 5 ok
-1116 152 -1116.0 152.0 640.0 5 ok
-1116 184 -1116.0 184.0 640.0 5 ok
-1116 216 -1116.0 216.0 640.0 5 ok
-1116 248 -1116.0 248.0 640.0 5 ok
-1116 280 -1116.0 280.0 24.1 54 ok
-1116 312 -1116.0 312.0 24.1 54 ok
-1116 344 -1116.0 344.0 24.1 54 ok
-1116 376 -1116.0 376.0 640.0 5 ok
-1116 408 -1116.0 408.0 640.0 5 ok
-1116 440 -1116.0 440.0 -260.0 61 void
-1116 472 -1116.0 472.0 -260.0 61 void
-1116 504 -1116.0 504.0 -278.8 26 void
-1116 536 -1116.0 536.0 -257.4 61 void
-1116 568 -1116.0 568.0 -277.7 26 void
-1116 600 -1116.0 600.0 -257.4 61 void
-1116 632 -1116.0 632.0 -258.2 61 void
-1116 664 -1116.0 664.0 -258.2 61 void
-1084 -40 -1084.0 -40.0 -258.2 61 void
-1084 -8 -1084.0 -8.0 -258.2 61 void
-1084 24 -1084.0 24.0 -278.0 26 void
-1084 56 -1084.0 56.0 -257.4 61 void
-1084 88 -1084.0 88.0 -277.7 26 void
-1084 120 -1084.0 120.0 640.0 5 ok
-1084 152 -1084.0 152.0 640.0 5 ok
-1084 184 -1084.0 184.0 640.0 5 ok
-1084 216 -1084.0 216.0 640.0 5 ok
-1084 248 -1084.0 248.0 640.0 5 ok
-1084 280 -1084.0 280.0 24.1 54 ok
-1084 312 -1084.0 312.0 24.1 54 ok
-1084 344 -984.9 368.8 282.1 42 ok
-1084 376 -1084.0 376.0 640.0 5 ok
-1084 408 -1084.0 408.0 640.0 5 ok
-1084 440 -1055.3 439.7 -260.0 61 void
-1084 472 -1084.2 471.7 -258.2 61 void
-1084 504 -1091.2 503.1 -279.6 27 void
-1084 536 -1100.6 533.9 -257.5 61 void
-1084 568 -1090.9 567.1 -277.7 26 void
-1084 600 -1100.6 597.9 -257.4 61 void
-1084 632 -1090.9 631.1 -277.7 26 void
-1084 664 -1100.6 661.9 -257.4 61 void
-1052 -40 -1068.6 -42.1 -258.2 61 void
-1052 -8 -1068.6 -10.1 -258.2 61 void
-1052 24 -1068.6 21.9 -258.2 61 void
-1052 56 -1068.6 53.9 -258.2 61 void
-1052 88 -1068.6 85.9 -258.2 61 void
-1052 120 -1052.0 120.0 640.0 5 ok
-1052 152 -1052.0 152.0 640.0 5 ok
-1052 184 -1052.0 184.0 640.0 5 ok
-1052 216 -1052.0 216.0 640.0 5 ok
-1052 248 -1052.0 248.0 640.0 5 ok
-1052 280 -1065.8 278.2 24.1 54 ok
-1052 312 -1052.0 312.0 24.1 54 ok
-1052 344 -1052.0 344.0 24.1 54 ok
-1052 376 -1052.0 376.0 640.0 5 ok
-1052 408 -1052.0 408.0 640.0 5 ok
-1052 440 -1052.0 440.0 640.0 5 ok
-1052 472 -1052.0 472.0 640.0 5 ok
-1052 504 -1052.0 504.0 640.0 5 ok
-1052 536 -1052.0 536.0 -260.0 61 void
-1052 568 -1052.0 568.0 -258.2 61 void
-1052 600 -1052.0 600.0 -258.2 61 void
-1052 632 -1052.0 632.0 -258.2 61 void
-1052 664 -1052.0 664.0 -258.2 61 void
